56

C:/Users/julia/Pictures/geradorartesspace/scan3/imagem_001.png 0.908528 0.000000 0.417824 0.307781 0.676297 -0.669248 -0.282573 0.736629 0.614435 -0.030067 -0.034126 -0.054290 961.919983 955.200012 649.299988 365.399994
C:/Users/julia/Pictures/geradorartesspace/scan3/imagem_002.png 0.908528 0.000000 0.417824 0.244608 0.810721 -0.531882 -0.338738 0.585433 0.736563 -0.027511 -0.026029 -0.059847 961.919983 955.200012 649.299988 365.399994
C:/Users/julia/Pictures/geradorartesspace/scan3/imagem_003.png 0.908528 -0.000000 0.417824 0.144666 0.938148 -0.314565 -0.391980 0.346236 0.852333 -0.025249 -0.013559 -0.064766 961.919983 955.200012 649.299988 365.399994
C:/Users/julia/Pictures/geradorartesspace/scan3/imagem_004.png 0.907242 0.000000 0.420609 0.034324 0.996665 -0.074037 -0.419206 0.081607 0.904216 -0.024264 -0.000094 -0.066537 961.919983 955.200012 649.299988 365.399994
C:/Users/julia/Pictures/geradorartesspace/scan3/imagem_005.png 0.906596 -0.000000 0.422000 -0.075665 0.983795 0.162553 -0.415162 -0.179300 0.891904 -0.024874 0.012900 -0.065045 961.919983 955.200012 649.299988 365.399994
C:/Users/julia/Pictures/geradorartesspace/scan3/imagem_006.png 0.906596 -0.000000 0.422000 -0.180604 0.903792 0.387998 -0.381400 -0.427972 0.819374 -0.026982 0.025014 -0.060517 961.919983 955.200012 649.299988 365.399994
C:/Users/julia/Pictures/geradorartesspace/scan3/imagem_007.png 0.906596 -0.000000 0.422000 -0.271627 0.765308 0.583544 -0.322960 -0.643665 0.693825 -0.030268 0.035244 -0.053457 961.919983 955.200012 649.299988 365.399994
C:/Users/julia/Pictures/geradorartesspace/scan3/imagem_008.png 0.906596 -0.000000 0.422000 -0.349546 0.560275 0.750939 -0.236436 -0.828307 0.507943 -0.034906 0.043656 -0.043493 961.919983 955.200012 649.299988 365.399994
C:/Users/julia/Pictures/geradorartesspace/scan3/imagem_009.png 0.250413 0.000000 0.968139 -0.799225 0.564362 0.206723 -0.546381 -0.825527 0.141324 0.011602 0.043534 -0.054646 961.919983 955.200012 649.299988 365.399994
C:/Users/julia/Pictures/geradorartesspace/scan3/imagem_010.png 0.254866 -0.000000 0.966976 -0.685702 0.705088 0.180730 -0.681803 -0.709120 0.179703 0.018604 0.038276 -0.056611 961.919983 955.200012 649.299988 365.399994
C:/Users/julia/Pictures/geradorartesspace/scan3/imagem_011.png 0.257831 0.000000 0.966190 -0.493569 0.859675 0.131711 -0.830610 -0.510841 0.221651 0.026665 0.028981 -0.058865 961.919983 955.200012 649.299988 365.399994
C:/Users/julia/Pictures/geradorartesspace/scan3/imagem_012.png 0.259313 -0.000000 0.965793 -0.252301 0.965274 0.067742 -0.932256 -0.261238 0.250308 0.032638 0.016923 -0.060534 961.919983 955.200012 649.299988 365.399994
C:/Users/julia/Pictures/geradorartesspace/scan3/imagem_013.png 0.259313 0.000000 0.965793 0.002522 0.999997 -0.000677 -0.965790 0.002611 0.259312 0.035334 0.003869 -0.061258 961.919983 955.200012 649.299988 365.399994
C:/Users/julia/Pictures/geradorartesspace/scan3/imagem_014.png 0.259313 0.000000 0.965793 0.261765 0.962569 -0.070283 -0.929643 0.271037 0.249607 0.034564 -0.009702 -0.061051 961.919983 955.200012 649.299988 365.399994
C:/Users/julia/Pictures/geradorartesspace/scan3/imagem_015.png 0.260794 -0.000000 0.965394 0.505645 0.851860 -0.136596 -0.822380 0.523770 0.222160 0.030102 -0.022781 -0.059924 961.919983 955.200012 649.299988 365.399994
C:/Users/julia/Pictures/geradorartesspace/scan3/imagem_016.png 0.259313 -0.000000 0.965793 0.714651 0.672648 -0.191882 -0.649639 0.739963 0.174426 0.022375 -0.034308 -0.057779 961.919983 955.200012 649.299988 365.399994
C:/Users/julia/Pictures/geradorartesspace/scan3/imagem_017.png -0.578314 0.000000 0.815814 0.609067 0.665300 0.431755 -0.542761 0.746576 -0.384752 0.058490 -0.034668 -0.019826 961.919983 955.200012 649.299988 365.399994
C:/Users/julia/Pictures/geradorartesspace/scan3/imagem_018.png -0.577062 -0.000000 0.816701 0.471555 0.816468 0.333190 -0.666810 0.577390 -0.471153 0.064080 -0.025604 -0.015945 961.919983 955.200012 649.299988 365.399994
C:/Users/julia/Pictures/geradorartesspace/scan3/imagem_019.png -0.575808 -0.000000 0.817585 0.283077 0.938148 0.199365 -0.767015 0.346236 -0.540193 0.068273 -0.013559 -0.013072 961.919983 955.200012 649.299988 365.399994
C:/Users/julia/Pictures/geradorartesspace/scan3/imagem_020.png -0.573297 0.000000 0.819347 0.066864 0.996665 0.046785 -0.816615 0.081607 -0.571385 0.069763 -0.000094 -0.012211 961.919983 955.200012 649.299988 365.399994
C:/Users/julia/Pictures/geradorartesspace/scan3/imagem_021.png -0.573297 -0.000000 0.819347 -0.146909 0.983794 -0.102792 -0.806069 -0.179300 -0.564007 0.068381 0.012900 -0.013178 961.919983 955.200012 649.299988 365.399994
C:/Users/julia/Pictures/geradorartesspace/scan3/imagem_022.png -0.572040 0.000000 0.820226 -0.351034 0.903792 -0.244817 -0.741314 -0.427972 -0.517005 0.064264 0.025014 -0.016140 961.919983 955.200012 649.299988 365.399994
C:/Users/julia/Pictures/geradorartesspace/scan3/imagem_023.png -0.570781 -0.000000 0.821102 -0.528515 0.765308 -0.367391 -0.628396 -0.643665 -0.436823 0.057845 0.035244 -0.020684 961.919983 955.200012 649.299988 365.399994
C:/Users/julia/Pictures/geradorartesspace/scan3/imagem_024.png -0.570781 -0.000000 0.821103 -0.677842 0.564362 -0.471195 -0.463399 -0.825527 -0.322127 0.048998 0.043534 -0.026834 961.919983 955.200012 649.299988 365.399994
C:/Users/julia/Pictures/geradorartesspace/scan3/imagem_025.png -0.996571 0.000000 0.082740 -0.068304 0.564362 -0.822697 -0.046696 -0.825527 -0.562427 0.051890 0.043534 0.020694 961.919983 955.200012 649.299988 365.399994
C:/Users/julia/Pictures/geradorartesspace/scan3/imagem_026.png -0.996571 0.000000 0.082740 -0.058673 0.705088 -0.706688 -0.058339 -0.709120 -0.702670 0.052511 0.038276 0.028170 961.919983 955.200012 649.299988 365.399994
C:/Users/julia/Pictures/geradorartesspace/scan3/imagem_027.png -0.996443 0.000000 0.084269 -0.043048 0.859675 -0.509024 -0.072444 -0.510841 -0.856618 0.053272 0.028981 0.036581 961.919983 955.200012 649.299988 365.399994
C:/Users/julia/Pictures/geradorartesspace/scan3/imagem_028.png -0.996180 0.000000 0.087326 -0.023229 0.963972 -0.264989 -0.084179 -0.266006 -0.960289 0.053925 0.017156 0.042588 961.919983 955.200012 649.299988 365.399994
C:/Users/julia/Pictures/geradorartesspace/scan3/imagem_029.png -0.996180 -0.000000 0.087326 -0.000204 0.999997 -0.002323 -0.087325 -0.002331 -0.996177 0.054174 0.004117 0.045433 961.919983 955.200012 649.299988 365.399994
C:/Users/julia/Pictures/geradorartesspace/scan3/imagem_030.png -0.996180 -0.000000 0.087326 0.023253 0.963897 0.265258 -0.084173 0.266275 -0.960215 0.054111 -0.009458 0.044706 961.919983 955.200012 649.299988 365.399994
C:/Users/julia/Pictures/geradorartesspace/scan3/imagem_031.png -0.996180 -0.000000 0.087326 0.045370 0.854438 0.517569 -0.074614 0.519553 -0.851174 0.053721 -0.022560 0.040263 961.919983 955.200012 649.299988 365.399994
C:/Users/julia/Pictures/geradorartesspace/scan3/imagem_032.png -0.996180 0.000000 0.087326 0.064327 0.676297 0.733815 -0.059058 0.736629 -0.673714 0.053019 -0.034126 0.032255 961.919983 955.200012 649.299988 365.399994
C:/Users/julia/Pictures/geradorartesspace/scan3/imagem_033.png -0.703845 0.000000 -0.710353 -0.523267 0.676297 0.518473 0.480410 0.736629 -0.476009 0.009079 -0.034126 0.061392 961.919983 955.200012 649.299988 365.399994
C:/Users/julia/Pictures/geradorartesspace/scan3/imagem_034.png -0.702755 0.000000 -0.711432 -0.416496 0.810721 0.411416 0.576773 0.585433 -0.569738 0.004633 -0.026029 0.065704 961.919983 955.200012 649.299988 365.399994
C:/Users/julia/Pictures/geradorartesspace/scan3/imagem_035.png -0.704934 0.000000 -0.709273 -0.245576 0.938148 0.244074 0.665403 0.346236 -0.661332 0.000994 -0.013559 0.069507 961.919983 955.200012 649.299988 365.399994
C:/Users/julia/Pictures/geradorartesspace/scan3/imagem_036.png -0.706021 -0.000000 -0.708190 -0.057793 0.996665 0.057616 0.705828 0.081607 -0.703666 -0.000222 -0.000094 0.070823 961.919983 955.200012 649.299988 365.399994
C:/Users/julia/Pictures/geradorartesspace/scan3/imagem_037.png -0.707107 -0.000000 -0.707107 0.126784 0.983794 -0.126784 0.695648 -0.179300 -0.695648 0.001080 0.012900 0.069631 961.919983 955.200012 649.299988 365.399994
C:/Users/julia/Pictures/geradorartesspace/scan3/imagem_038.png -0.707107 -0.000000 -0.707107 0.302622 0.903792 -0.302622 0.639077 -0.427972 -0.639078 0.004612 0.025014 0.066099 961.919983 955.200012 649.299988 365.399994
C:/Users/julia/Pictures/geradorartesspace/scan3/imagem_039.png -0.707107 0.000000 -0.707107 0.455140 0.765308 -0.455140 0.541154 -0.643665 -0.541154 0.010118 0.035244 0.060592 961.919983 955.200012 649.299988 365.399994
C:/Users/julia/Pictures/geradorartesspace/scan3/imagem_040.png -0.707107 -0.000000 -0.707107 0.577754 0.576541 -0.577754 0.407676 -0.817068 -0.407676 0.017283 0.043160 0.053428 961.919983 955.200012 649.299988 365.399994
C:/Users/julia/Pictures/geradorartesspace/scan3/imagem_041.png 0.096490 0.000000 -0.995334 0.813255 0.576541 0.078839 0.573851 -0.817068 0.055631 -0.030264 0.043160 0.047301 961.919983 955.200012 649.299988 365.399994
C:/Users/julia/Pictures/geradorartesspace/scan3/imagem_042.png 0.090381 0.000000 -0.995907 0.706218 0.705088 0.064091 0.702202 -0.709120 0.063727 -0.036804 0.038276 0.046865 961.919983 955.200012 649.299988 365.399994
C:/Users/julia/Pictures/geradorartesspace/scan3/imagem_043.png 0.087325 -0.000000 -0.996180 0.508889 0.859675 0.044609 0.856391 -0.510841 0.075071 -0.045150 0.028981 0.046234 961.919983 955.200012 649.299988 365.399994
C:/Users/julia/Pictures/geradorartesspace/scan3/imagem_044.png 0.085797 -0.000000 -0.996313 0.260274 0.965275 0.022413 0.961715 -0.261238 0.082818 -0.051335 0.016923 0.045764 961.919983 955.200012 649.299988 365.399994
C:/Users/julia/Pictures/geradorartesspace/scan3/imagem_045.png 0.085797 0.000000 -0.996313 0.002323 0.999997 0.000200 0.996310 -0.002331 0.085797 -0.054096 0.004117 0.045527 961.919983 955.200012 649.299988 365.399994
C:/Users/julia/Pictures/geradorartesspace/scan3/imagem_046.png 0.085797 0.000000 -0.996313 -0.265294 0.963897 -0.022846 0.960343 0.266275 0.082700 -0.053368 -0.009458 0.045589 961.919983 955.200012 649.299988 365.399994
C:/Users/julia/Pictures/geradorartesspace/scan3/imagem_047.png 0.085797 -0.000000 -0.996313 -0.517637 0.854438 -0.044576 0.851287 0.519553 0.073308 -0.048925 -0.022560 0.045972 961.919983 955.200012 649.299988 365.399994
C:/Users/julia/Pictures/geradorartesspace/scan3/imagem_048.png 0.084269 0.000000 -0.996443 -0.734009 0.676297 -0.062075 0.673892 0.736629 0.056991 -0.040844 -0.034126 0.046724 961.919983 955.200012 649.299988 365.399994
C:/Users/julia/Pictures/geradorartesspace/scan3/imagem_049.png 0.821102 0.000000 -0.570781 -0.420454 0.676297 -0.604848 0.386018 0.736629 0.555309 -0.062038 -0.034126 -0.001646 961.919983 955.200012 649.299988 365.399994
C:/Users/julia/Pictures/geradorartesspace/scan3/imagem_050.png 0.821102 0.000000 -0.570781 -0.334154 0.810721 -0.480700 0.462744 0.585433 0.665685 -0.065529 -0.026029 -0.006668 961.919983 955.200012 649.299988 365.399994
C:/Users/julia/Pictures/geradorartesspace/scan3/imagem_051.png 0.821102 0.000000 -0.570781 -0.197625 0.938147 -0.284295 0.535477 0.346236 0.770315 -0.068619 -0.013559 -0.011114 961.919983 955.200012 649.299988 365.399994
C:/Users/julia/Pictures/geradorartesspace/scan3/imagem_052.png 0.820226 -0.000000 -0.572040 -0.046682 0.996665 -0.066936 0.570132 0.081607 0.817490 -0.069705 -0.000094 -0.012540 961.919983 955.200012 649.299988 365.399994
C:/Users/julia/Pictures/geradorartesspace/scan3/imagem_053.png 0.819347 0.000000 -0.573298 0.102792 0.983794 0.146909 0.564007 -0.179300 0.806069 -0.068757 0.012900 -0.011051 961.919983 955.200012 649.299988 365.399994
C:/Users/julia/Pictures/geradorartesspace/scan3/imagem_054.png 0.818467 -0.000000 -0.574554 0.245893 0.903792 0.350281 0.519277 -0.427972 0.739724 -0.065904 0.025014 -0.006857 961.919983 955.200012 649.299988 365.399994
C:/Users/julia/Pictures/geradorartesspace/scan3/imagem_055.png 0.818467 0.000000 -0.574554 0.369820 0.765308 0.526818 0.439710 -0.643665 0.626379 -0.061430 0.035244 -0.000484 961.919983 955.200012 649.299988 365.399994
C:/Users/julia/Pictures/geradorartesspace/scan3/imagem_056.png 0.818467 0.000000 -0.574554 0.469450 0.576541 0.668743 0.331254 -0.817068 0.471880 -0.055608 0.043160 0.007809 961.919983 955.200012 649.299988 365.399994
